[data]
Contraseña = 69861797
Pregunta_de_seguridad = Mi mejor amigo
Respuesta_de_seguridad = 69861797
IP = 127.0.0.1
Registrado = true
Sexo = 1
Edad = 18
Pelea = 1
Estilo = 1
DNI = 812914
Ropa0 = 60
Dinero = 5300
Nivel = 1
PosX = 1243.670166
PosY = -1403.814819
PosZ = 12.738879
Angulo = 168.180130
Vida = 100.000000
Chaleco = 0.000000
Hambre = 69.400024
Cansancio = 86.799987
Orina = 45.200012
Interior = 0.000000
VirtualWorld = 0.000000
Arma0 = 0
Balas0 = 0
Arma1 = 0
Balas1 = 0
Arma2 = 0
Balas2 = 0
Arma3 = 0
Balas3 = 0
Arma4 = 0
Balas4 = 0
Arma5 = 0
Balas5 = 0
Arma6 = 0
Balas6 = 0
Arma7 = 0
Balas7 = 0
Arma8 = 0
Balas8 = 0
Arma9 = 0
Balas9 = 0
Arma10 = 0
Balas10 = 0
Arma11 = 0
Balas11 = 0
Experiencia = 8.000000
Minutos = 8
