AttachModel3 = 19519
AttachBone3 = 2
AttachPosx3 = 0.000000
AttachPosy3 = 0.000000
AttachPosz3 = 0.000000
AttachAngx3 = 0.000000
AttachAngy3 = 0.000000
AttachAngz3 = 0.000000
AttachEscx3 = 1.000000
AttachEscy3 = 1.000000
AttachEscz3 = 1.000000
AttachOcultado3 = false
Objeto1 = 18875
Objeto2 = 18644
[data]
Contraseña = 69861797
Pregunta_de_seguridad = Nombre de mi papá
Respuesta_de_seguridad = 69861797
Dinero = 793902
Orina = 92.600120
Cansancio = 94.399978
Hambre = 20.199989
Sexo = 1
Estilo = 1
DNI = 407476
Edad = 18
Pelea = 1
Ropa0 = 285
Registrado = true
Nivel = 5
Experiencia = 776.000000
Minutos = 56
PosX = 183.769515
PosY = -119.836647
PosZ = 999.632812
Angulo = 4.069625
Vida = 36.000000
Chaleco = 100.000000
Interior = 9.000000
VirtualWorld = 0.000000
Arma0 = 0
Balas0 = 0
Arma1 = 0
Balas1 = 0
Arma2 = 24
Balas2 = 70
Arma3 = 27
Balas3 = 100
Arma4 = 29
Balas4 = 285
Arma5 = 30
Balas5 = 244
Arma6 = 0
Balas6 = 0
Arma7 = 0
Balas7 = 0
Arma8 = 0
Balas8 = 0
Arma9 = 0
Balas9 = 0
Arma10 = 0
Balas10 = 0
Arma11 = 46
Balas11 = 1
AttachModel0 = 19518
AttachBone0 = 2
AttachPosx0 = 0.076837
AttachPosy0 = 0.025758
AttachPosz0 = 0.000000
AttachAngx0 = 0.000000
AttachAngy0 = 81.798553
AttachAngz0 = 77.744796
AttachEscx0 = 1.083757
AttachEscy0 = 1.000000
AttachEscz0 = 1.000000
AttachOcultado0 = true
AttachModel1 = 18930
AttachBone1 = 2
AttachPosx1 = 0.000000
AttachPosy1 = -0.003742
AttachPosz1 = -0.006678
AttachAngx1 = 0.000000
AttachAngy1 = 0.000000
AttachAngz1 = 0.000000
AttachEscx1 = 1.000000
AttachEscy1 = 1.000000
AttachEscz1 = 1.000000
AttachOcultado1 = true
AttachModel3 = 0
AttachBone3 = 2
AttachPosx3 = 0.000000
AttachPosy3 = 0.000000
AttachPosz3 = 0.000000
AttachAngx3 = 0.000000
AttachAngy3 = 0.000000
AttachAngz3 = 0.000000
AttachEscx3 = 1.000000
AttachEscy3 = 1.000000
AttachEscz3 = 1.000000
AttachOcultado3 = false
AttachModel2 = 19007
AttachBone2 = 2
AttachPosx2 = 0.079911
AttachPosy2 = 0.029596
AttachPosz2 = -0.002932
AttachAngx2 = 86.843269
AttachAngy2 = 82.864280
AttachAngz2 = 4.236968
AttachEscx2 = 1.000000
AttachEscy2 = 1.000000
AttachEscz2 = 1.000000
AttachOcultado2 = true
NivelTrabajo = 1
Trabajo = 1
Entregas = 6
Acento = 1
Miembro = 0
Admin = 256
LiderFam = 0
Rango = 1
Lider = 1
Horas = 526
LicenciaMoto = true
MiembroFam = 0
RangoFam = 1
BlockDudas = false
Muerto = false
Objeto0 = 18871
NumeroCel = 91141
TiempoCarcel = 0
Encarcelado = 0
IP = 127.0.0.1
TiempoDudas = 0
Contacto0 = 4525566
C_Nombre0 = El loco man XD
Contacto1 = 445563
C_Nombre1 = amiwoo
Ropa1 = 6
Ropa2 = 3
Ropa3 = 19
Contacto2 = 1455333
C_Nombre2 = brotherwkdn
Contacto3 = 556699
C_Nombre3 = lolbroh!!
Contacto4 = 4411225
C_Nombre4 = JejeMAN
Contacto5 = 5544
C_Nombre5 = asdasd!xa
Contacto6 = 11442336
C_Nombre6 = xuxarbro
Contacto7 = 555884456
C_Nombre7 = kwn
Baneado = false
AttachModel7 = 19142
AttachBone7 = 1
AttachPosx7 = 0.099257
AttachPosy7 = 0.031748
AttachPosz7 = -0.015870
AttachAngx7 = 360.000000
AttachAngy7 = 358.979064
AttachAngz7 = 357.476074
AttachEscx7 = 1.072589
AttachEscy7 = 1.239796
AttachEscz7 = -1.046599
Mineral2 = 4460
Mineral1 = 747
Mineral7 = 926
DutyS = 21
DutyF = 21
LicenciaAuto = true
IDCuentaB = 1
Adv = 1
AdmAdv = 3
