ID = 980
Pos_x = 499.6
Pos_y = -1556.5
Pos_z = 18.6
Rot_x = 0.000000
Rot_y = 0.000000
Rot_z = 215.9974365
Abierto_x = 499.60000610
Abierto_y = -1556.5
Abierto_z = 11.89999962
Familia = 4
