ID = 980
Pos_x = 498
Pos_y = -1456.5
Pos_z = 18.6
Rot_x = 0.000000
Rot_y = 0.000000
Rot_z = 347.99743652
Abierto_x = 498
Abierto_y = -1456.5
Abierto_z = 12.89999962
Familia = 4
