ID = 980
Pos_x = 804.839965
Pos_y = -2010.822021
Pos_z = 5.160713
Rot_x = 0.000000
Rot_y = 0.000000
Rot_z = -89.999984
Abierto_x = 804.839965
Abierto_y = -2010.822021
Abierto_z = -0.359285
Familia = 5
