[data]
ID_Obj = 2135
ID_Model = 19375
Tamaño = 0
Color = 0
Tamaño_o = 0
Pos_x = 1246.177490
Pos_y = -862.716796
Pos_z = 1092.166870
Ang_x = 0.000000
Ang_y = 0.000000
Ang_z = 0.000000
Nombre = 
