[data]
Interior = 10
Virtual_world = 118
ID_Casa = 18
Cerrado = false
IntV_x = 424.886688
IntV_y = -95.238403
Int_x = 424.988189
Int_y = -92.087898
Int_z = 1001.942199
Ext_x = 795.695129
Ext_y = -837.926696
Ext_z = 60.641754
ExtV_x = 796.241943
ExtV_y = -841.889160
Ang = 7.857100
