[data]
Interior = 10
Virtual_world = 105
ID_Casa = 5
Cerrado = false
IntV_x = 424.886688
IntV_y = -95.238403
Int_x = 424.988189
Int_y = -92.087898
Int_z = 1001.942199
Ext_x = 1540.878417
Ext_y = -841.723754
Ext_z = 64.336059
ExtV_x = 1536.880615
ExtV_y = -841.589416
Ang = 268.075286
