[data]
Interior = 10
Virtual_world = 140
ID_Casa = 40
Cerrado = false
IntV_x = 424.886688
IntV_y = -95.238403
Int_x = 424.988189
Int_y = -92.087898
Int_z = 1001.942199
Ext_x = 224.980880
Ext_y = -1243.694335
Ext_z = 78.310325
ExtV_x = 227.078048
ExtV_y = -1247.100463
Ang = 31.620677
