[data]
Interior = 10
Virtual_world = 140
ID_Casa = 40
Cerrado = false
IntV_x = 424.886688
IntV_y = -95.238403
Int_x = 424.988189
Int_y = -92.087898
Int_z = 1001.943176
Ext_x = 228.475814
Ext_y = -1241.225341
Ext_z = 78.292610
ExtV_x = 230.610107
ExtV_y = -1244.608398
Ang = 32.247306
