[data]
Interior = 12
Virtual_world = 108
ID_Casa = 8
Cerrado = false
IntV_x = 1249.989990
IntV_y = -861.597290
Int_x = 1249.975219
Int_y = -858.973022
Int_z = 1091.257080
Ext_x = 1520.182861
Ext_y = -694.605224
Ext_z = 94.750000
ExtV_x = 1516.185668
ExtV_y = -694.453857
Ang = 267.831634
