[data]
Interior = 10
Virtual_world = 201
ID_Casa = 101
Cerrado = false
IntV_x = 424.886688
IntV_y = -95.238403
Int_x = 424.988189
Int_y = -92.087898
Int_z = 1001.942199
Ext_x = 2053.666259
Ext_y = -1636.766601
Ext_z = 13.546875
ExtV_x = 2057.659667
ExtV_y = -1636.996704
Ang = 86.702438
