[data]
Interior = 10
Virtual_world = 240
ID_Casa = 140
Cerrado = false
IntV_x = 424.886688
IntV_y = -95.238403
Int_x = 424.988189
Int_y = -92.087898
Int_z = 1001.942199
Ext_x = 1934.377197
Ext_y = -1886.448608
Ext_z = 13.533250
ExtV_x = 1934.124145
ExtV_y = -1882.456665
Ang = 183.626785
