[data]
Interior = 12
Virtual_world = 108
ID_Casa = 8
Cerrado = false
IntV_x = 1256.333007
IntV_y = -862.038513
Int_x = 1256.180541
Int_y = -858.898498
Int_z = 1091.250000
Ext_x = 1520.203002
Ext_y = -688.930053
Ext_z = 94.750000
ExtV_x = 1516.293945
ExtV_y = -689.778442
Ang = 282.245056
