[data]
Nombre = Pizzeria
Dueño = 
Contraseña = 0
Dinero = 0
Precio_Entrada = 0
Precio = 640000
VirtualWorld = 1016
Interior = 5
Tipo = 3
Icono = 29
Comprado = true
Cerrado = false
Entrada_x = 2105.167236
Entrada_y = -1806.532470
Entrada_z = 13.554679
Salida_x = 372.277893
Salida_y = -132.440597
Salida_z = 1001.492187
Caja_Fuerte_x = 0.000000
Caja_Fuerte_y = 0.000000
Caja_Fuerte_z = 0.000000
