[data]
Nombre = AmmuNation
Dueño = 
Contraseña = 0
Dinero = 0
Precio_Entrada = 0
Precio = 900000
VirtualWorld = 1002
Interior = 7
Tipo = 4
Icono = 6
Comprado = false
Cerrado = false
Entrada_x = 1368.583618
Entrada_y = -1279.781127
Entrada_z = 13.546875
Salida_x = 314.820983
Salida_y = -141.431991
Salida_z = 999.601562
Caja_Fuerte_x = 0.000000
Caja_Fuerte_y = 0.000000
Caja_Fuerte_z = 0.000000
