[data]
Modelo = 558
Color1 = 0
Color2 = 0
Precio = 60000
Dueño = Sin Dueño
vPosX = 1585.037231
vPosY = -1019.042236
vPosZ = 23.535722
vPosA = 279.663543
Placa = UTD-531
PaintJ = -1
vMod_0 = 0
vMod_1 = 0
vMod_2 = 0
vMod_3 = 0
vMod_4 = 0
vMod_5 = 0
vMod_6 = 0
vMod_7 = 0
vMod_8 = 0
vMod_9 = 0
vMod_10 = 0
vMod_11 = 0
Usado = true
Cerrado = false
Familia = 0
Interior = 0
VirtualWorld = 0
Metros_recorridos = 1266.976684
Arma_0 = 0
Balas_0 = 0
Arma_1 = 0
Balas_1 = 0
Arma_2 = 0
Balas_2 = 0
Arma_3 = 0
Balas_3 = 0
