[data]
Modelo = 560
Color1 = 0
Color2 = 0
Precio = 65000
Dueño = Sin Dueño
vPosX = 1583.495605
vPosY = -1711.451416
vPosZ = 5.890625
vPosA = 356.942138
Placa = Sultan
PaintJ = -1
vMod_0 = 0
vMod_1 = 0
vMod_2 = 0
vMod_3 = 0
vMod_4 = 0
vMod_5 = 0
vMod_6 = 0
vMod_7 = 0
vMod_8 = 0
vMod_9 = 0
vMod_10 = 0
vMod_11 = 0
Usado = false
Cerrado = false
Familia = 0
Interior = 0
VirtualWorld = 1
Metros_recorridos = 0.000000
Arma_0 = 0
Balas_0 = 0
Arma_1 = 0
Balas_1 = 0
Arma_2 = 0
Balas_2 = 0
Arma_3 = 0
Balas_3 = 0
