[data]
Modelo = 451
Color1 = 8
Color2 = 1
Precio = 300000
Dueño = Ryan_Spell
vPosX = 1249.989990
vPosY = -861.597473
vPosZ = 1090.889282
vPosA = 0.000000
Placa = XGO-122
PaintJ = -1
vMod_0 = 0
vMod_1 = 0
vMod_2 = 0
vMod_3 = 0
vMod_4 = 0
vMod_5 = 1010
vMod_6 = 0
vMod_7 = 1074
vMod_8 = 0
vMod_9 = 1087
vMod_10 = 0
vMod_11 = 0
Usado = false
Cerrado = false
Familia = 0
Interior = 12
VirtualWorld = 108
Metros_recorridos = 7702.554687
Arma_0 = 0
Balas_0 = 0
Arma_1 = 0
Balas_1 = 0
Arma_2 = 0
Balas_2 = 0
Arma_3 = 0
Balas_3 = 0
