[data]
Modelo = 451
Color1 = 1
Color2 = 0
Precio = 300000
Dueño = James_Joua
vPosX = 1905.687988
vPosY = -1930.298950
vPosZ = 13.383382
vPosA = 267.204711
Placa = SUT-503
PaintJ = -1
vMod_0 = 0
vMod_1 = 0
vMod_2 = 0
vMod_3 = 0
vMod_4 = 0
vMod_5 = 1010
vMod_6 = 0
vMod_7 = 1074
vMod_8 = 0
vMod_9 = 1087
vMod_10 = 0
vMod_11 = 0
Usado = false
Cerrado = false
Familia = 0
Interior = 0
VirtualWorld = 0
Metros_recorridos = 6637.602539
Arma_0 = 0
Balas_0 = 0
Arma_1 = 0
Balas_1 = 0
Arma_2 = 0
Balas_2 = 0
Arma_3 = 0
Balas_3 = 0
