[data]
Modelo = 587
Color1 = 6
Color2 = 118
Precio = 55000
Dueño = Ryan_Spell
vPosX = 1256.333007
vPosY = -862.140563
vPosZ = 1090.947631
vPosA = 0.000000
Placa = KAL-014
PaintJ = -1
vMod_0 = 0
vMod_1 = 0
vMod_2 = 0
vMod_3 = 0
vMod_4 = 0
vMod_5 = 1010
vMod_6 = 0
vMod_7 = 1097
vMod_8 = 1086
vMod_9 = 1087
vMod_10 = 0
vMod_11 = 0
Usado = false
Cerrado = false
Familia = 0
Interior = 12
VirtualWorld = 108
Metros_recorridos = 2193.430175
Arma_0 = 0
Balas_0 = 0
Arma_1 = 0
Balas_1 = 0
Arma_2 = 0
Balas_2 = 0
Arma_3 = 0
Balas_3 = 0
