[data]
Modelo = 466
Color1 = 6
Color2 = 1
Precio = 91000
Dueño = Ryan_Spell
vPosX = 1879.800537
vPosY = -1933.480102
vPosZ = 13.123304
vPosA = 269.099243
Placa = VTC-614
PaintJ = -1
vMod_0 = 0
vMod_1 = 0
vMod_2 = 0
vMod_3 = 0
vMod_4 = 0
vMod_5 = 0
vMod_6 = 0
vMod_7 = 0
vMod_8 = 0
vMod_9 = 0
vMod_10 = 0
vMod_11 = 0
Usado = false
Cerrado = false
Familia = 0
Interior = 0
VirtualWorld = 0
Metros_recorridos = 104.139793
Arma_0 = 0
Balas_0 = 0
Arma_1 = 0
Balas_1 = 0
Arma_2 = 0
Balas_2 = 0
Arma_3 = 0
Balas_3 = 0
