[data]
Modelo = 551
Color1 = 6
Color2 = 6
Precio = 11000
Dueño = Sin Dueño
vPosX = 1593.010375
vPosY = -1023.552612
vPosZ = 23.707515
vPosA = 275.066772
Placa = MAX-639
PaintJ = -1
vMod_0 = 0
vMod_1 = 0
vMod_2 = 0
vMod_3 = 0
vMod_4 = 0
vMod_5 = 0
vMod_6 = 0
vMod_7 = 0
vMod_8 = 0
vMod_9 = 0
vMod_10 = 0
vMod_11 = 0
Usado = true
Cerrado = false
Familia = 0
Interior = 0
VirtualWorld = 0
Metros_recorridos = 691.899230
Arma_0 = 0
Balas_0 = 0
Arma_1 = 0
Balas_1 = 0
Arma_2 = 0
Balas_2 = 0
Arma_3 = 0
Balas_3 = 0
