[data]
Nombre = Grove Street
Dueño = Grove Street
Contraseña = 123
Dinero = 50000
Precio = 35000
VirtualWorld = 101
Interior = 3
Comprada = true
Cerrada = false
Entrada_x = 2495.378417
Entrada_y = -1691.003540
Entrada_z = 14.765625
Salida_x = 2496.000000
Salida_y = -1692.079956
Salida_z = 1014.739990
Caja_Fuerte_x = 0.000000
Caja_Fuerte_y = 0.000000
Caja_Fuerte_z = 0.000000
Familia = 1
Ropa_0 = 0
Ropa_1 = 0
Ropa_2 = 0
Ropa_3 = 0
Ropa_4 = 0
Ropa_5 = 0
Ropa_6 = 0
Ropa_7 = 0
Ropa_8 = 0
Ropa_9 = 0
Arma_0 = 0
Arma_1 = 0
Arma_2 = 0
Arma_3 = 29
Arma_4 = 0
Arma_5 = 0
Arma_6 = 0
Arma_7 = 0
Arma_8 = 0
Arma_9 = 0
Bala_0 = 0
Bala_1 = 0
Bala_2 = 0
Bala_3 = 800
Bala_4 = 0
Bala_5 = 0
Bala_6 = 0
Bala_7 = 0
Bala_8 = 0
Bala_9 = 0
[data]
Nombre = 
Dueño = 
Contraseña = 0
Dinero = 0
Precio = 35000
VirtualWorld = 101
Interior = 3
Comprada = false
Cerrada = false
Contraseña_puerta = 0
Entrada_x = 2495.378417
Entrada_y = -1691.003540
Entrada_z = 14.765625
Salida_x = 2496.000000
Salida_y = -1692.079956
Salida_z = 1014.739990
Familia = 1
ObjData_0 = 2121|2492.658|-1694.351|1014.262|0.000|0.000|0.000
ObjData_1 = 2356|0.000|0.000|0.000|0.000|0.000|0.000
