[data]
Nombre = 
Due単o = Sin due単o
Contrase単a = 0
Dinero = 0
Precio = 370000
VirtualWorld = 110
Interior = 6
Comprada = false
Cerrada = false
Entrada_x = 1332.078613
Entrada_y = -633.442016
Entrada_z = 109.134902
Salida_x = 2196.836181
Salida_y = -1204.180297
Salida_z = 1049.023437
Caja_Fuerte_x = 0.000000
Caja_Fuerte_y = 0.000000
Caja_Fuerte_z = 0.000000
Familia = 0
Ropa_0 = 0
Ropa_1 = 0
Ropa_2 = 0
Ropa_3 = 0
Ropa_4 = 0
Ropa_5 = 0
Ropa_6 = 0
Ropa_7 = 0
Ropa_8 = 0
Ropa_9 = 0
Contrase単a_puerta = 0
ObjData_0 = 1744|2197.335|-1206.198|1049.023|0.000|0.000|-91.700
ObjData_10 = 0|0.000|0.000|0.000|0.000|0.000|0.000
