[data]
Nombre = 
Dueño = 
Contraseña = 0
Dinero = 0
Precio = 29000
VirtualWorld = 209
Interior = 2
Comprada = false
Cerrada = false
Entrada_x = 1969.971435
Entrada_y = -1671.191894
Entrada_z = 18.545551
Salida_x = 266.499664
Salida_y = 304.954559
Salida_z = 999.148437
Caja_Fuerte_x = 0.000000
Caja_Fuerte_y = 0.000000
Caja_Fuerte_z = 0.000000
Familia = 0
Ropa_0 = 0
Ropa_1 = 0
Ropa_2 = 0
Ropa_3 = 0
Ropa_4 = 0
Ropa_5 = 0
Ropa_6 = 0
Ropa_7 = 0
Ropa_8 = 0
Ropa_9 = 0
Contraseña_puerta = 0
