[data]
Nombre = 
Dueño = 
Contraseña = 0
Dinero = 0
Precio = 25000
VirtualWorld = 219
Interior = 6
Comprada = false
Cerrada = false
Entrada_x = 1976.213500
Entrada_y = -1634.014404
Entrada_z = 18.568988
Salida_x = 2308.726562
Salida_y = -1212.720336
Salida_z = 1049.023437
Caja_Fuerte_x = 0.000000
Caja_Fuerte_y = 0.000000
Caja_Fuerte_z = 0.000000
Familia = 0
Ropa_0 = 0
Ropa_1 = 0
Ropa_2 = 0
Ropa_3 = 0
Ropa_4 = 0
Ropa_5 = 0
Ropa_6 = 0
Ropa_7 = 0
Ropa_8 = 0
Ropa_9 = 0
Contraseña_puerta = 0
