[data]
Nombre = 
Dueño = 
Contraseña = 0
Dinero = 0
Precio = 49999
VirtualWorld = 223
Interior = 15
Comprada = false
Cerrada = false
Entrada_x = 2156.086669
Entrada_y = -1651.848754
Entrada_z = 15.078436
Salida_x = 326.308105
Salida_y = 1456.211425
Salida_z = 1084.595947
Caja_Fuerte_x = 0.000000
Caja_Fuerte_y = 0.000000
Caja_Fuerte_z = 0.000000
Familia = 0
Ropa_0 = 0
Ropa_1 = 0
Ropa_2 = 0
Ropa_3 = 0
Ropa_4 = 0
Ropa_5 = 0
Ropa_6 = 0
Ropa_7 = 0
Ropa_8 = 0
Ropa_9 = 0
Contraseña_puerta = 0
