[data]
Nombre = 
Dueño = 
Contraseña = 0
Dinero = 0
Precio = 50000
VirtualWorld = 224
Interior = 3
Comprada = false
Cerrada = false
Entrada_x = 2163.718750
Entrada_y = -1661.237060
Entrada_z = 15.085932
Salida_x = 2496.000000
Salida_y = -1692.079956
Salida_z = 1014.739990
Caja_Fuerte_x = 0.000000
Caja_Fuerte_y = 0.000000
Caja_Fuerte_z = 0.000000
Familia = 0
Ropa_0 = 0
Ropa_1 = 0
Ropa_2 = 0
Ropa_3 = 0
Ropa_4 = 0
Ropa_5 = 0
Ropa_6 = 0
Ropa_7 = 0
Ropa_8 = 0
Ropa_9 = 0
Contraseña_puerta = 0
