[data]
Nombre = 
Dueño = 
Contraseña = 0
Dinero = 0
Precio = 690000
VirtualWorld = 113
Interior = 6
Comprada = false
Cerrada = false
Entrada_x = 980.533203
Entrada_y = -677.235107
Entrada_z = 121.976257
Salida_x = 268.538787
Salida_y = 1063.776977
Salida_z = 1084.212280
Caja_Fuerte_x = 0.000000
Caja_Fuerte_y = 0.000000
Caja_Fuerte_z = 0.000000
Familia = 0
Ropa_0 = 0
Ropa_1 = 0
Ropa_2 = 0
Ropa_3 = 0
Ropa_4 = 0
Ropa_5 = 0
Ropa_6 = 0
Ropa_7 = 0
Ropa_8 = 0
Ropa_9 = 0
Contraseña_puerta = 0
ObjData_0 = 1649|272.679|1068.159|1085.075|0.000|0.000|0.000
ObjData_1 = 1649|264.433|1068.160|1084.956|0.000|0.000|0.000
ObjData_2 = 1649|272.652|1068.167|1084.893|0.000|0.000|179.700
ObjData_3 = 1649|264.421|1068.193|1084.202|0.000|0.000|-179.900
ObjData_13 = 0|0.000|0.000|0.000|0.000|0.000|0.000
