[data]
Nombre = 
Dueño = 
Contraseña = 0
Dinero = 0
Precio = 26000
VirtualWorld = 234
Interior = 1
Comprada = false
Cerrada = false
Entrada_x = 2151.499511
Entrada_y = -1717.828247
Entrada_z = 15.085932
Salida_x = 2218.402099
Salida_y = -1076.266723
Salida_z = 1050.484375
Caja_Fuerte_x = 0.000000
Caja_Fuerte_y = 0.000000
Caja_Fuerte_z = 0.000000
Familia = 0
Ropa_0 = 0
Ropa_1 = 0
Ropa_2 = 0
Ropa_3 = 0
Ropa_4 = 0
Ropa_5 = 0
Ropa_6 = 0
Ropa_7 = 0
Ropa_8 = 0
Ropa_9 = 0
Contraseña_puerta = 0
