[data]
Nombre = 
Dueño = 
Contraseña = 0
Dinero = 0
Precio = 76000
VirtualWorld = 237
Interior = 9
Comprada = false
Cerrada = false
Entrada_x = 1872.231079
Entrada_y = -1911.785888
Entrada_z = 15.256793
Salida_x = 275.740203
Salida_y = 1237.718383
Salida_z = 1084.257812
Caja_Fuerte_x = 0.000000
Caja_Fuerte_y = 0.000000
Caja_Fuerte_z = 0.000000
Familia = 0
Ropa_0 = 0
Ropa_1 = 0
Ropa_2 = 0
Ropa_3 = 0
Ropa_4 = 0
Ropa_5 = 0
Ropa_6 = 0
Ropa_7 = 0
Ropa_8 = 0
Ropa_9 = 0
Contraseña_puerta = 0
