[data]
Nombre = 
Dueño = 
Contraseña = 0
Dinero = 0
Precio = 62000
VirtualWorld = 245
Interior = 8
Comprada = false
Cerrada = false
Entrada_x = 1851.977050
Entrada_y = -2134.834716
Entrada_z = 15.388197
Salida_x = 2365.263916
Salida_y = -1134.603637
Salida_z = 1050.672363
Caja_Fuerte_x = 0.000000
Caja_Fuerte_y = 0.000000
Caja_Fuerte_z = 0.000000
Familia = 0
Ropa_0 = 0
Ropa_1 = 0
Ropa_2 = 0
Ropa_3 = 0
Ropa_4 = 0
Ropa_5 = 0
Ropa_6 = 0
Ropa_7 = 0
Ropa_8 = 0
Ropa_9 = 0
Contraseña_puerta = 0
