[data]
Nombre = 
Dueño = 
Contraseña = 0
Dinero = 0
Precio = 35000
VirtualWorld = 254
Interior = 15
Comprada = false
Cerrada = false
Entrada_x = 1849.448486
Entrada_y = -2001.469970
Entrada_z = 13.546875
Salida_x = 326.308105
Salida_y = 1456.211425
Salida_z = 1084.595947
Familia = 0
Contraseña_puerta = 0
