[data]
Nombre = 
Dueño = 
Contraseña = 0
Dinero = 0
Precio = 35000
VirtualWorld = 261
Interior = 15
Comprada = false
Cerrada = false
Entrada_x = 1817.375610
Entrada_y = -1987.130981
Entrada_z = 13.554395
Salida_x = 326.308105
Salida_y = 1456.211425
Salida_z = 1084.595947
Familia = 0
Contraseña_puerta = 0
