[data]
Nombre = 
Dueño = 
Contraseña = 0
Dinero = 0
Precio = 30000
VirtualWorld = 265
Interior = 6
Comprada = false
Cerrada = false
Entrada_x = 1955.123535
Entrada_y = -1115.363769
Entrada_z = 27.830497
Salida_x = 2308.726562
Salida_y = -1212.720336
Salida_z = 1049.023437
Familia = 0
Contraseña_puerta = 0
