[data]
Nombre = 
Dueño = 
Contraseña = 0
Dinero = 0
Precio = 36000
VirtualWorld = 266
Interior = 1
Comprada = false
Cerrada = false
Entrada_x = 1906.032348
Entrada_y = -1112.946166
Entrada_z = 26.664062
Salida_x = 223.414306
Salida_y = 1273.432006
Salida_z = 1082.140014
Familia = 0
Contraseña_puerta = 0
