[data]
Nombre = 
Dueño = 
Contraseña = 0
Dinero = 0
Precio = 39000
VirtualWorld = 269
Interior = 9
Comprada = false
Cerrada = false
Entrada_x = 2022.927246
Entrada_y = -1120.263793
Entrada_z = 26.421045
Salida_x = 275.740203
Salida_y = 1237.718383
Salida_z = 1084.257812
Familia = 0
Contraseña_puerta = 0
