[data]
Nombre = 
Dueño = 
Contraseña = 0
Dinero = 0
Precio = 30000
VirtualWorld = 270
Interior = 6
Comprada = false
Cerrada = false
Entrada_x = 2045.511352
Entrada_y = -1116.649658
Entrada_z = 26.361747
Salida_x = 2308.726562
Salida_y = -1212.720336
Salida_z = 1049.023437
Familia = 0
Contraseña_puerta = 0
