[data]
Nombre = 1
Dueño = 
Contraseña = 0
Dinero = 0
Precio = 10000
VirtualWorld = 271
Interior = 1
Comprada = false
Cerrada = false
Entrada_x = 1022.460815
Entrada_y = -1417.482666
Entrada_z = 13.467297
Salida_x = 223.414306
Salida_y = 1273.432006
Salida_z = 1082.140014
Familia = 0
Contraseña_puerta = 0
