[data]
Nombre = e
Dueño = 
Contraseña = 0
Dinero = 0
Precio = 1
VirtualWorld = 272
Interior = 7
Comprada = false
Cerrada = false
Entrada_x = 1071.601440
Entrada_y = -1349.558959
Entrada_z = 13.554672
Salida_x = 250.445693
Salida_y = 995.373413
Salida_z = 1084.726562
Familia = 0
Contraseña_puerta = 0
