[data]
Nombre = mansion
Dueño = 
Contraseña = 0
Dinero = 0
Precio = 1000000
VirtualWorld = 273
Interior = 5
Comprada = false
Cerrada = false
Entrada_x = 1259.192382
Entrada_y = -785.377624
Entrada_z = 92.030181
Salida_x = 1299.058593
Salida_y = -796.149597
Salida_z = 1084.007812
Familia = 0
Contraseña_puerta = 0
