[data]
Nombre = 
Dueño = 
Contraseña = 0
Dinero = 0
Precio = 290000
VirtualWorld = 118
Interior = 3
Comprada = false
Cerrada = false
Entrada_x = 808.246887
Entrada_y = -759.330810
Entrada_z = 76.531364
Salida_x = 267.569885
Salida_y = 1186.679687
Salida_z = 1080.257812
Caja_Fuerte_x = 0.000000
Caja_Fuerte_y = 0.000000
Caja_Fuerte_z = 0.000000
Familia = 0
Ropa_0 = 0
Ropa_1 = 0
Ropa_2 = 0
Ropa_3 = 0
Ropa_4 = 0
Ropa_5 = 0
Ropa_6 = 0
Ropa_7 = 0
Ropa_8 = 0
Ropa_9 = 0
Contraseña_puerta = 0
