[data]
Nombre = 
Dueño = 
Contraseña = 0
Dinero = 0
Precio = 610000
VirtualWorld = 121
Interior = 5
Comprada = false
Cerrada = false
Entrada_x = 1093.935546
Entrada_y = -807.006164
Entrada_z = 107.419189
Salida_x = 226.296279
Salida_y = 1114.310546
Salida_z = 1080.992919
Caja_Fuerte_x = 0.000000
Caja_Fuerte_y = 0.000000
Caja_Fuerte_z = 0.000000
Familia = 0
Ropa_0 = 0
Ropa_1 = 0
Ropa_2 = 0
Ropa_3 = 0
Ropa_4 = 0
Ropa_5 = 0
Ropa_6 = 0
Ropa_7 = 0
Ropa_8 = 0
Ropa_9 = 0
Contraseña_puerta = 0
