[data]
Nombre = 
Dueño = 
Contraseña = 0
Dinero = 0
Precio = 57000
VirtualWorld = 127
Interior = 2
Comprada = false
Cerrada = false
Entrada_x = 923.945800
Entrada_y = -853.439697
Entrada_z = 93.456520
Salida_x = 266.499664
Salida_y = 304.954559
Salida_z = 999.148437
Caja_Fuerte_x = 0.000000
Caja_Fuerte_y = 0.000000
Caja_Fuerte_z = 0.000000
Familia = 0
Ropa_0 = 0
Ropa_1 = 0
Ropa_2 = 0
Ropa_3 = 0
Ropa_4 = 0
Ropa_5 = 0
Ropa_6 = 0
Ropa_7 = 0
Ropa_8 = 0
Ropa_9 = 0
Contraseña_puerta = 0
