[data]
Nombre = 
Dueño = 
Contraseña = 0
Dinero = 0
Precio = 520000
VirtualWorld = 139
Interior = 6
Comprada = false
Cerrada = false
Entrada_x = 189.637023
Entrada_y = -1308.221069
Entrada_z = 70.249305
Salida_x = 234.192321
Salida_y = 1063.723144
Salida_z = 1084.212280
Caja_Fuerte_x = 0.000000
Caja_Fuerte_y = 0.000000
Caja_Fuerte_z = 0.000000
Familia = 0
Ropa_0 = 0
Ropa_1 = 0
Ropa_2 = 0
Ropa_3 = 0
Ropa_4 = 0
Ropa_5 = 0
Ropa_6 = 0
Ropa_7 = 0
Ropa_8 = 0
Ropa_9 = 0
Contraseña_puerta = 0
