[data]
Nombre = 
Dueño = 
Contraseña = 0
Dinero = 0
Precio = 560000
VirtualWorld = 142
Interior = 5
Comprada = false
Cerrada = false
Entrada_x = 251.431045
Entrada_y = -1220.212280
Entrada_z = 76.102371
Salida_x = 140.244400
Salida_y = 1365.922119
Salida_z = 1083.859375
Caja_Fuerte_x = 0.000000
Caja_Fuerte_y = 0.000000
Caja_Fuerte_z = 0.000000
Familia = 0
Ropa_0 = 0
Ropa_1 = 0
Ropa_2 = 0
Ropa_3 = 0
Ropa_4 = 0
Ropa_5 = 0
Ropa_6 = 0
Ropa_7 = 0
Ropa_8 = 0
Ropa_9 = 0
Contraseña_puerta = 0
