[data]
Nombre = 
Dueño = 
Contraseña = 0
Dinero = 0
Precio = 520000
VirtualWorld = 143
Interior = 12
Comprada = false
Cerrada = false
Entrada_x = 300.214965
Entrada_y = -1154.423583
Entrada_z = 81.390525
Salida_x = 2324.491455
Salida_y = -1149.545410
Salida_z = 1050.710083
Caja_Fuerte_x = 0.000000
Caja_Fuerte_y = 0.000000
Caja_Fuerte_z = 0.000000
Familia = 0
Ropa_0 = 0
Ropa_1 = 0
Ropa_2 = 0
Ropa_3 = 0
Ropa_4 = 0
Ropa_5 = 0
Ropa_6 = 0
Ropa_7 = 0
Ropa_8 = 0
Ropa_9 = 0
Contraseña_puerta = 0
