[data]
Nombre = 
Dueño = 
Contraseña = 0
Dinero = 0
Precio = 410000
VirtualWorld = 144
Interior = 6
Comprada = false
Cerrada = false
Entrada_x = 352.375915
Entrada_y = -1197.962280
Entrada_z = 76.515625
Salida_x = 2196.836181
Salida_y = -1204.180297
Salida_z = 1049.023437
Caja_Fuerte_x = 0.000000
Caja_Fuerte_y = 0.000000
Caja_Fuerte_z = 0.000000
Familia = 0
Ropa_0 = 0
Ropa_1 = 0
Ropa_2 = 0
Ropa_3 = 0
Ropa_4 = 0
Ropa_5 = 0
Ropa_6 = 0
Ropa_7 = 0
Ropa_8 = 0
Ropa_9 = 0
Contraseña_puerta = 0
