[data]
Nombre = 
Dueño = 
Contraseña = 0
Dinero = 0
Precio = 420000
VirtualWorld = 145
Interior = 9
Comprada = false
Cerrada = false
Entrada_x = 416.716644
Entrada_y = -1154.086547
Entrada_z = 76.687614
Salida_x = 2317.878173
Salida_y = -1026.683715
Salida_z = 1050.217773
Caja_Fuerte_x = 0.000000
Caja_Fuerte_y = 0.000000
Caja_Fuerte_z = 0.000000
Familia = 0
Ropa_0 = 0
Ropa_1 = 0
Ropa_2 = 0
Ropa_3 = 0
Ropa_4 = 0
Ropa_5 = 0
Ropa_6 = 0
Ropa_7 = 0
Ropa_8 = 0
Ropa_9 = 0
Contraseña_puerta = 0
