[data]
Nombre = 
Dueño = 
Contraseña = 0
Dinero = 0
Precio = 65000
VirtualWorld = 171
Interior = 1
Comprada = false
Cerrada = false
Entrada_x = 2469.515869
Entrada_y = -1646.351318
Entrada_z = 13.780097
Salida_x = 223.414306
Salida_y = 1273.432006
Salida_z = 1082.140014
Caja_Fuerte_x = 0.000000
Caja_Fuerte_y = 0.000000
Caja_Fuerte_z = 0.000000
Familia = 0
Ropa_0 = 0
Ropa_1 = 0
Ropa_2 = 0
Ropa_3 = 0
Ropa_4 = 0
Ropa_5 = 0
Ropa_6 = 0
Ropa_7 = 0
Ropa_8 = 0
Ropa_9 = 0
Contraseña_puerta = 0
